FireWall-src_ip,set([(205, 14, 98, 196), (225, 201, 243, 14), (242, 168, 214, 17), (215, 175, 0, 197), (17, 227, 122, 234), (99, 50, 225, 164), (231, 166, 2, 144), (136, 71, 92, 76), (99, 129, 187, 240), (210, 166, 132, 211), (4, 119, 191, 16)])::dst_ip,set([(129, 147, 6, 249), (254, 232, 156, 168), (149, 158, 203, 244), (237, 7, 2, 172), (92, 247, 60, 152), (95, 167, 138, 185), (120, 162, 183, 41), (47, 32, 81, 114)])::src_port,set([49579, 29584, 53490, 3859, 23413, 50748])::dst_port,set([47853, 4070, 55207, 26573, 27887, 61145, 14489])::sizes_low,117340308865994881628071629275675173882946642177762408959427585726459123933666218908259841960245807177219947672617410117632::sizes_high,100629631674290814460318097497969129502025814398238771312554171434114739205180340788988302601561369141610417844339113225408::ttl,50776280585363368118296327197235686009906031051659292853595251932732544083191134459353366677506012203529453230738636800::protocol,set(['ICMPv6NDOptTgtAddrList', 'BOOTP', '_DHCP6GuessPayload', 'SMBNegociate_Protocol_Response_No_Security_No_Key', 'SNMPinform', 'SMBNegociate_Protocol_Response_No_Security'])::seq_low,154960163418618868623406275768054206270973896337234785501133349768648083174506464343774809711151848808880606212481396953629919040::seq_high,39004795899551153718583505385480705402607633229133312279287935344905403716292120994724079347264798961179421393130680840469708800::weight,{'dstIP': 0.03551364425653126, 'protocol': 0.18170450974331137, 'srcPort': 0.18649760591606662, 'seq_number': 0.024269446976512385, 'ttl': 0.18768777648373397, 'srcIP': 0.059835482042218044, 'dstPort': 0.1952499955206236, 'size': 0.09483922151299445}
FireWall-src_ip,set([(205, 14, 98, 196), (225, 201, 243, 14), (242, 168, 214, 17), (215, 175, 0, 197), (17, 227, 122, 234), (99, 50, 225, 164), (231, 166, 2, 144), (136, 71, 92, 76), (99, 129, 187, 240), (210, 166, 132, 211), (4, 119, 191, 16)])::dst_ip,set([(129, 147, 6, 249), (254, 232, 156, 168), (149, 158, 203, 244), (237, 7, 2, 172), (92, 247, 60, 152), (95, 167, 138, 185), (120, 162, 183, 41), (47, 32, 81, 114)])::src_port,set([29584, 53490, 3859, 23413, 49579, 50748])::dst_port,set([4070, 55207, 26573, 47853, 27887, 61145, 14489])::sizes_low,117340308865994881628071629275675173882946642177762408959427585726459123933666218908259841960245807177219947672617410117632::sizes_high,345021042796326265472827941053635195069645170095399631697303799046281937900999959842606508874072809173043144612782117562976::ttl,50776280585363368118296327197235686009906031051659292853595251932732544083191134459353366677506012203529453230738636800::protocol,set(['ICMPv6NDOptTgtAddrList', 'BOOTP', '_DHCP6GuessPayload', 'SMBNegociate_Protocol_Response_No_Security_No_Key', 'SNMPinform', 'SMBNegociate_Protocol_Response_No_Security'])::seq_low,90303608903449924091364748021612829105614993176028889572305173417304395912649722691769019944675699951080319827194226813615784320::seq_high,130888185071159717006616624695168784354025741188544557172718294251856927872010378132421793534289701199965179094286525498356947840::weight,{'dstIP': 0.03551364425653126, 'protocol': 0.18170450974331137, 'srcPort': 0.18649760591606662, 'seq_number': 0.024269446976512385, 'ttl': 0.18768777648373397, 'srcIP': 0.059835482042218044, 'dstPort': 0.1952499955206236, 'size': 0.09483922151299445}
FireWall-src_ip,set([(205, 14, 98, 196), (215, 175, 0, 197), (17, 227, 122, 234), (99, 50, 225, 164), (231, 166, 2, 144), (136, 71, 92, 76), (99, 129, 187, 240), (4, 119, 191, 16), (225, 201, 243, 14), (242, 168, 214, 17), (210, 166, 132, 211)])::dst_ip,set([(129, 147, 6, 249), (254, 232, 156, 168), (149, 158, 203, 244), (237, 7, 2, 172), (92, 247, 60, 152), (95, 167, 138, 185), (120, 162, 183, 41), (47, 32, 81, 114)])::src_port,set([49579, 29584, 53490, 3859, 23413, 50748])::dst_port,set([4070, 55207, 47853, 26573, 61145, 14489, 27887])::sizes_low,117340308865994881628071629275675173882946642177762408959427585726459123933666218908259841960245807177219947672617410117632::sizes_high,278438749812235547510014920394350691139357780252995211672898928155953101842766870848585857406308371966494530094887694843168::ttl,14193664490804501120911593377051827598131521535850102822444006535507375586843429157855630818168746284129984088047616000::protocol,set(['ICMPv6NDOptTgtAddrList', 'BOOTP', '_DHCP6GuessPayload', 'SMBNegociate_Protocol_Response_No_Security_No_Key', 'SNMPinform', 'SMBNegociate_Protocol_Response_No_Security'])::seq_low,8783456886249788147627584644374964424212024762937156440976606494128666726377474623451392424823700936232839979344660505887166080::seq_high,30221339013301365570955920741105740978395608466196155838311328850776736989914646371272686922441098024946581413786020334582542720::weight,{'dstIP': 0.03551364425653126, 'protocol': 0.18170450974331137, 'srcPort': 0.18649760591606662, 'seq_number': 0.024269446976512385, 'ttl': 0.18768777648373397, 'srcIP': 0.059835482042218044, 'dstPort': 0.1952499955206236, 'size': 0.09483922151299445}
FireWall-src_ip,set([(205, 14, 98, 196), (215, 175, 0, 197), (17, 227, 122, 234), (99, 50, 225, 164), (231, 166, 2, 144), (136, 71, 92, 76), (99, 129, 187, 240), (4, 119, 191, 16), (225, 201, 243, 14), (242, 168, 214, 17), (210, 166, 132, 211)])::dst_ip,set([(129, 147, 6, 249), (254, 232, 156, 168), (149, 158, 203, 244), (237, 7, 2, 172), (92, 247, 60, 152), (95, 167, 138, 185), (120, 162, 183, 41), (47, 32, 81, 114)])::src_port,set([49579, 29584, 53490, 3859, 23413, 50748])::dst_port,set([4070, 55207, 26573, 47853, 27887, 61145, 14489])::sizes_low,547039387519090202780590857899581144817585651303008913731130283538460719942173909501839903571701028603264401450992706027520::sizes_high,284907094983211456636279732071299710505202548393422266150940465841018691768401281533464438755602033338911296061480962602976::ttl,29002724293237789321323619168421607060995650867998371772571564970833991122316752771703585308521277994985509425191321600::protocol,set(['ICMPv6NDOptTgtAddrList', 'BOOTP', '_DHCP6GuessPayload', 'SMBNegociate_Protocol_Response_No_Security_No_Key', 'SNMPinform', 'SMBNegociate_Protocol_Response_No_Security'])::seq_low,51298813003898770372781242636132123703007359946895577293017238072398992196357601697044940597410900989900898434063545973146075520::seq_high,77827035617206815499348102627214603979181760388362040584229842152059112456651313969664398162699901458808714804054728272902107520::weight,{'dstIP': 0.03551364425653126, 'protocol': 0.18170450974331137, 'srcPort': 0.18649760591606662, 'seq_number': 0.024269446976512385, 'ttl': 0.18768777648373397, 'srcIP': 0.059835482042218044, 'dstPort': 0.1952499955206236, 'size': 0.09483922151299445}
FireWall-src_ip,set([(205, 14, 98, 196), (215, 175, 0, 197), (17, 227, 122, 234), (99, 50, 225, 164), (231, 166, 2, 144), (136, 71, 92, 76), (99, 129, 187, 240), (4, 119, 191, 16), (225, 201, 243, 14), (242, 168, 214, 17), (210, 166, 132, 211)])::dst_ip,set([(129, 147, 6, 249), (254, 232, 156, 168), (149, 158, 203, 244), (237, 7, 2, 172), (92, 247, 60, 152), (95, 167, 138, 185), (120, 162, 183, 41), (47, 32, 81, 114)])::src_port,set([49579, 29584, 53490, 3859, 23413, 50748])::dst_port,set([4070, 55207, 26573, 47853, 27887, 61145, 14489])::sizes_low,117340308865994881628071629275675173882946642177762408959427585726459123933666218908259841960245807177219947672617410117632::sizes_high,278438749812235547510014920394350691139357780252995211672898928155953101842766870848585857406308371966494530094887694843168::ttl,14193664490804501120911593377051827598131521535850102822444006535507375586843429157855630818168746284129984088047616000::protocol,set(['ICMPv6NDOptTgtAddrList', 'BOOTP', '_DHCP6GuessPayload', 'SMBNegociate_Protocol_Response_No_Security_No_Key', 'SNMPinform', 'SMBNegociate_Protocol_Response_No_Security'])::seq_low,90303608903449924091364748021612829105614993176028889572305173417304395912649722691769019944675699951080319827194226813615784320::seq_high,90303608903449924091364748021612829105614993176028889572305173417304395912649722691769019944675699951080319827194226813615784320::weight,{'dstIP': 0.03551364425653126, 'protocol': 0.18170450974331137, 'srcPort': 0.18649760591606662, 'seq_number': 0.024269446976512385, 'ttl': 0.18768777648373397, 'srcIP': 0.059835482042218044, 'dstPort': 0.1952499955206236, 'size': 0.09483922151299445}
FireWall-src_ip,set([(205, 14, 98, 196), (215, 175, 0, 197), (17, 227, 122, 234), (99, 50, 225, 164), (231, 166, 2, 144), (136, 71, 92, 76), (99, 129, 187, 240), (4, 119, 191, 16), (225, 201, 243, 14), (242, 168, 214, 17), (210, 166, 132, 211)])::dst_ip,set([(129, 147, 6, 249), (254, 232, 156, 168), (149, 158, 203, 244), (237, 7, 2, 172), (92, 247, 60, 152), (95, 167, 138, 185), (120, 162, 183, 41), (47, 32, 81, 114)])::src_port,set([49579, 29584, 53490, 3859, 23413, 50748])::dst_port,set([47853, 4070, 55207, 26573, 27887, 61145, 14489])::sizes_low,117340308865994881628071629275675173882946642177762408959427585726459123933666218908259841960245807177219947672617410117632::sizes_high,108589086960185613505077484254452697395836206955296198250114090377747658592874353356350853092113355398657202798011065523808::ttl,27506939074391467228726413729413768108736159712119257980561661702120617923491933330091383863544539175840719568152166400::protocol,set(['ICMPv6NDOptTgtAddrList', 'BOOTP', '_DHCP6GuessPayload', 'SMBNegociate_Protocol_Response_No_Security_No_Key', 'SNMPinform', 'SMBNegociate_Protocol_Response_No_Security'])::seq_low,141602421907348694464145990657744952808622353122924466865322411489703388109007324388813960542086600940981218261257772786761859840::seq_high,215918897306457681456923940678683102911616411556461398876799557408397578811970632279608889879464101307301296003724296432874766720::weight,{'dstIP': 0.03551364425653126, 'protocol': 0.18170450974331137, 'srcPort': 0.18649760591606662, 'seq_number': 0.024269446976512385, 'ttl': 0.18768777648373397, 'srcIP': 0.059835482042218044, 'dstPort': 0.1952499955206236, 'size': 0.09483922151299445}
FireWall-src_ip,set([(205, 14, 98, 196), (215, 175, 0, 197), (17, 227, 122, 234), (99, 50, 225, 164), (231, 166, 2, 144), (136, 71, 92, 76), (99, 129, 187, 240), (4, 119, 191, 16), (225, 201, 243, 14), (242, 168, 214, 17), (210, 166, 132, 211)])::dst_ip,set([(129, 147, 6, 249), (254, 232, 156, 168), (149, 158, 203, 244), (237, 7, 2, 172), (92, 247, 60, 152), (95, 167, 138, 185), (120, 162, 183, 41), (47, 32, 81, 114)])::src_port,set([49579, 29584, 53490, 3859, 23413, 50748])::dst_port,set([4070, 55207, 47853, 26573, 61145, 14489, 27887])::sizes_low,263101613430677089000464096363109142657184097485577395833614191651318214310375928288562965886864466389427490696510465540096::sizes_high,278438749812235547510014920394350691139357780252995211672898928155953101842766870848585857406308371966494530094887694843168::ttl,7096832245402250560455796688525913799065760767925051411222003267753687793421714578927815409084373142064992044023808000::protocol,set(['ICMPv6NDOptTgtAddrList', 'BOOTP', '_DHCP6GuessPayload', 'SMBNegociate_Protocol_Response_No_Security_No_Key', 'SNMPinform', 'SMBNegociate_Protocol_Response_No_Security'])::seq_low,30221339013301365570955920741105740978395608466196155838311328850776736989914646371272686922441098024946581413786020334582542720::seq_high,30221339013301365570955920741105740978395608466196155838311328850776736989914646371272686922441098024946581413786020334582542720::weight,{'dstIP': 0.03551364425653126, 'protocol': 0.18170450974331137, 'srcPort': 0.18649760591606662, 'seq_number': 0.024269446976512385, 'ttl': 0.18768777648373397, 'srcIP': 0.059835482042218044, 'dstPort': 0.1952499955206236, 'size': 0.09483922151299445}
FireWall-src_ip,set([(205, 14, 98, 196), (215, 175, 0, 197), (17, 227, 122, 234), (99, 50, 225, 164), (231, 166, 2, 144), (136, 71, 92, 76), (99, 129, 187, 240), (4, 119, 191, 16), (225, 201, 243, 14), (242, 168, 214, 17), (210, 166, 132, 211)])::dst_ip,set([(129, 147, 6, 249), (254, 232, 156, 168), (149, 158, 203, 244), (237, 7, 2, 172), (92, 247, 60, 152), (95, 167, 138, 185), (120, 162, 183, 41), (47, 32, 81, 114)])::src_port,set([49579, 29584, 53490, 3859, 23413, 50748])::dst_port,set([4070, 55207, 26573, 47853, 27887, 61145, 14489])::sizes_low,616554575943901588621469047975089834759737980980179205307112982970072166653081029847989797136838827188420553577790876516352::sizes_high,284907094983211456636279732071299710505202548393422266150940465841018691768401281533464438755602033338911296061480962602976::ttl,29002724293237789321323619168421607060995650867998371772571564970833991122316752771703585308521277994985509425191321600::protocol,set(['ICMPv6NDOptTgtAddrList', 'BOOTP', '_DHCP6GuessPayload', 'SMBNegociate_Protocol_Response_No_Security_No_Key', 'SNMPinform', 'SMBNegociate_Protocol_Response_No_Security'])::seq_low,26528222613308045126566859991082480276174400441466463291212604079660120260293712272619457565289000468907816369991182299756032000::seq_high,2634096220407574193461314976154645362764571445431228931080333160143085038958914463531721679244750520201685683753511626577594560::weight,{'dstIP': 0.03551364425653126, 'protocol': 0.18170450974331137, 'srcPort': 0.18649760591606662, 'seq_number': 0.024269446976512385, 'ttl': 0.18768777648373397, 'srcIP': 0.059835482042218044, 'dstPort': 0.1952499955206236, 'size': 0.09483922151299445}
FireWall-src_ip,set([(205, 14, 98, 196), (215, 175, 0, 197), (17, 227, 122, 234), (99, 50, 225, 164), (231, 166, 2, 144), (136, 71, 92, 76), (99, 129, 187, 240), (4, 119, 191, 16), (225, 201, 243, 14), (242, 168, 214, 17), (210, 166, 132, 211)])::dst_ip,set([(129, 147, 6, 249), (254, 232, 156, 168), (149, 158, 203, 244), (237, 7, 2, 172), (92, 247, 60, 152), (95, 167, 138, 185), (120, 162, 183, 41), (47, 32, 81, 114)])::src_port,set([49579, 29584, 53490, 3859, 23413, 50748])::dst_port,set([4070, 55207, 26573, 47853, 27887, 61145, 14489])::sizes_low,616554575943901588621469047975089834759737980980179205307112982970072166653081029847989797136838827188420553577790876516352::sizes_high,106659941745098137693375024211568698560130577689693172105356435306692248654229742779641714892562879560196499572829620467296::ttl,34970180144312831316302427427273684008264561967516251949713322716508764423559129946455968486168294863721387281689804800::protocol,set(['ICMPv6NDOptTgtAddrList', 'BOOTP', '_DHCP6GuessPayload', 'SMBNegociate_Protocol_Response_No_Security_No_Key', 'SNMPinform', 'SMBNegociate_Protocol_Response_No_Security'])::seq_low,187459894743210447020455299369399418605057423943552182333959442585019665041057448374048657731201902033610280446106527350600988800::seq_high,113143419344101460027677349348461268502063365510015250322482296666325474338094140483253728393824401667290202703640003704488081920::weight,{'dstIP': 0.03551364425653126, 'protocol': 0.18170450974331137, 'srcPort': 0.18649760591606662, 'seq_number': 0.024269446976512385, 'ttl': 0.18768777648373397, 'srcIP': 0.059835482042218044, 'dstPort': 0.1952499955206236, 'size': 0.09483922151299445}
FireWall-src_ip,set([(205, 14, 98, 196), (215, 175, 0, 197), (17, 227, 122, 234), (99, 50, 225, 164), (231, 166, 2, 144), (136, 71, 92, 76), (99, 129, 187, 240), (4, 119, 191, 16), (225, 201, 243, 14), (242, 168, 214, 17), (210, 166, 132, 211)])::dst_ip,set([(129, 147, 6, 249), (254, 232, 156, 168), (149, 158, 203, 244), (237, 7, 2, 172), (92, 247, 60, 152), (95, 167, 138, 185), (120, 162, 183, 41), (47, 32, 81, 114)])::src_port,set([49579, 29584, 53490, 3859, 23413, 50748])::dst_port,set([4070, 55207, 26573, 47853, 27887, 61145, 14489])::sizes_low,273519693759545101390295428949790572408792825651504456865565141769230359971086954750919951785850514301632200725496353013760::sizes_high,64633518862761072891372367029489617108524780337758443605001009563312549947034233396278377298190106086033805662279880751744::ttl,17301885659896858894591105208969840953900960240022154695891832484937152858456823954509599636314456158952855806087987200::protocol,set(['_DHCP6GuessPayload', 'ICMPv6NDOptTgtAddrList', 'SMBNegociate_Protocol_Response_No_Security_No_Key', 'SNMPinform', 'BOOTP', 'SMBNegociate_Protocol_Response_No_Security'])::seq_low,54814077449333410133486197328197797401690241818970275871833178246241488844817247393432889663745100885730367045901183225878052480::seq_high,54814077449333410133486197328197797401690241818970275871833178246241488844817247393432889663745100885730367045901183225878052480::weight,{'dstIP': 0.03551364425653126, 'protocol': 0.18170450974331137, 'srcPort': 0.18649760591606662, 'seq_number': 0.024269446976512385, 'ttl': 0.18768777648373397, 'srcIP': 0.059835482042218044, 'dstPort': 0.1952499955206236, 'size': 0.09483922151299445}
FireWall-src_ip,set([(205, 14, 98, 196), (215, 175, 0, 197), (17, 227, 122, 234), (99, 50, 225, 164), (231, 166, 2, 144), (136, 71, 92, 76), (99, 129, 187, 240), (4, 119, 191, 16), (225, 201, 243, 14), (242, 168, 214, 17), (210, 166, 132, 211)])::dst_ip,set([(129, 147, 6, 249), (254, 232, 156, 168), (149, 158, 203, 244), (237, 7, 2, 172), (92, 247, 60, 152), (95, 167, 138, 185), (120, 162, 183, 41), (47, 32, 81, 114)])::src_port,set([49579, 29584, 53490, 3859, 23413, 50748])::dst_port,set([4070, 55207, 26573, 47853, 27887, 61145, 14489])::sizes_low,390860002625539983018367058225465746291739467829266865824992727495689483904753173659179793746096321478852148398113763131392::sizes_high,108589086960185613505077484254452697395836206955296198250114090377747658592874353356350853092113355398657202798011065523808::ttl,11700838633340930426732513959451766107094690627976217076679732485896838263859928817193985672206821836032653619103334400::protocol,set(['ICMPv6NDOptTgtAddrList', 'BOOTP', '_DHCP6GuessPayload', 'SMBNegociate_Protocol_Response_No_Security_No_Key', 'SNMPinform', 'SMBNegociate_Protocol_Response_No_Security'])::seq_low,121401411914441543975429506392840378597433732151618925052288865341302969617293460678379454013194448548313852618814940148409933120::seq_high,121401411914441543975429506392840378597433732151618925052288865341302969617293460678379454013194448548313852618814940148409933120::weight,{'dstIP': 0.03551364425653126, 'protocol': 0.18170450974331137, 'srcPort': 0.18649760591606662, 'seq_number': 0.024269446976512385, 'ttl': 0.18768777648373397, 'srcIP': 0.059835482042218044, 'dstPort': 0.1952499955206236, 'size': 0.09483922151299445}
FireWall-src_ip,set([(205, 14, 98, 196), (215, 175, 0, 197), (17, 227, 122, 234), (99, 50, 225, 164), (231, 166, 2, 144), (136, 71, 92, 76), (99, 129, 187, 240), (4, 119, 191, 16), (225, 201, 243, 14), (242, 168, 214, 17), (210, 166, 132, 211)])::dst_ip,set([(129, 147, 6, 249), (254, 232, 156, 168), (149, 158, 203, 244), (237, 7, 2, 172), (92, 247, 60, 152), (95, 167, 138, 185), (120, 162, 183, 41), (47, 32, 81, 114)])::src_port,set([49579, 29584, 53490, 3859, 23413, 50748])::dst_port,set([4070, 55207, 14489, 61145, 27887, 47853, 26573])::sizes_low,273519693759545101390295428949790572408792825651504456865565141769230359971086954750919951785850514301632200725496353013760::sizes_high,100629631674290814460318097497969129502025814398238771312554171434114739205180340788988302601561369141610417844339113225408::ttl,3316361976161625148832469802594096760088814704510383871669086249407609315945122172923709102973307559952093169790156800::protocol,set(['ICMPv6NDOptTgtAddrList', 'BOOTP', '_DHCP6GuessPayload', 'SMBNegociate_Protocol_Response_No_Security_No_Key', 'SNMPinform', 'SMBNegociate_Protocol_Response_No_Security'])::seq_low,154960163418618868623406275768054206270973896337234785501133349768648083174506464343774809711151848808880606212481396953629919040::seq_high,28285854836025365006919337337115317125515841377503812580620574166581368584523535120813432098456100416822550675910000926122020480::weight,{'dstIP': 0.03551364425653126, 'protocol': 0.18170450974331137, 'srcPort': 0.18649760591606662, 'seq_number': 0.024269446976512385, 'ttl': 0.18768777648373397, 'srcIP': 0.059835482042218044, 'dstPort': 0.1952499955206236, 'size': 0.09483922151299445}
FireWall-src_ip,set([(205, 14, 98, 196), (225, 201, 243, 14), (242, 168, 214, 17), (215, 175, 0, 197), (17, 227, 122, 234), (99, 50, 225, 164), (231, 166, 2, 144), (136, 71, 92, 76), (99, 129, 187, 240), (210, 166, 132, 211), (4, 119, 191, 16)])::dst_ip,set([(129, 147, 6, 249), (254, 232, 156, 168), (149, 158, 203, 244), (237, 7, 2, 172), (92, 247, 60, 152), (95, 167, 138, 185), (120, 162, 183, 41), (47, 32, 81, 114)])::src_port,set([49579, 29584, 53490, 3859, 23413, 50748])::dst_port,set([47853, 4070, 55207, 26573, 27887, 61145, 14489])::sizes_low,390860002625539983018367058225465746291739467829266865824992727495689483904753173659179793746096321478852148398113763131392::sizes_high,44831638297761712400120887151661980902791436315483062015591628439411269599010137348522813910507551220284765611936705807904::ttl,3316361976161625148832469802594096760088814704510383871669086249407609315945122172923709102973307559952093169790156800::protocol,set(['ICMPv6NDOptTgtAddrList', 'BOOTP', '_DHCP6GuessPayload', 'SMBNegociate_Protocol_Response_No_Security_No_Key', 'SNMPinform', 'SMBNegociate_Protocol_Response_No_Security'])::seq_low,84857564508076095020758012011345951376547524132511437741861722499744105753570605362440296295368301250467652027730002778366061440::seq_high,166377716525276230964495175388583816057950492545603170873190289422919834939842853430757923815220300265315131875579569086094679680::weight,{'dstIP': 0.03551364425653126, 'protocol': 0.18170450974331137, 'srcPort': 0.18649760591606662, 'seq_number': 0.024269446976512385, 'ttl': 0.18768777648373397, 'srcIP': 0.059835482042218044, 'dstPort': 0.1952499955206236, 'size': 0.09483922151299445}
FireWall-src_ip,set([(205, 14, 98, 196), (215, 175, 0, 197), (17, 227, 122, 234), (99, 50, 225, 164), (231, 166, 2, 144), (136, 71, 92, 76), (99, 129, 187, 240), (4, 119, 191, 16), (225, 201, 243, 14), (242, 168, 214, 17), (210, 166, 132, 211)])::dst_ip,set([(129, 147, 6, 249), (254, 232, 156, 168), (149, 158, 203, 244), (237, 7, 2, 172), (92, 247, 60, 152), (95, 167, 138, 185), (120, 162, 183, 41), (47, 32, 81, 114)])::src_port,set([49579, 29584, 53490, 3859, 23413, 50748])::dst_port,set([4070, 55207, 26573, 47853, 27887, 61145, 14489])::sizes_low,616554575943901588621469047975089834759737980980179205307112982970072166653081029847989797136838827188420553577790876516352::sizes_high,284907094983211456636279732071299710505202548393422266150940465841018691768401281533464438755602033338911296061480962602976::ttl,29002724293237789321323619168421607060995650867998371772571564970833991122316752771703585308521277994985509425191321600::protocol,set(['ICMPv6NDOptTgtAddrList', 'BOOTP', '_DHCP6GuessPayload', 'SMBNegociate_Protocol_Response_No_Security_No_Key', 'SNMPinform', 'SMBNegociate_Protocol_Response_No_Security'])::seq_low,51298813003898770372781242636132123703007359946895577293017238072398992196357601697044940597410900989900898434063545973146075520::seq_high,53932909224306344566242557612286769065771931392326806224097571232542077235316516160576662276655651510102584117817057599723670080::weight,{'dstIP': 0.03551364425653126, 'protocol': 0.18170450974331137, 'srcPort': 0.18649760591606662, 'seq_number': 0.024269446976512385, 'ttl': 0.18768777648373397, 'srcIP': 0.059835482042218044, 'dstPort': 0.1952499955206236, 'size': 0.09483922151299445}
FireWall-src_ip,set([(205, 14, 98, 196), (225, 201, 243, 14), (242, 168, 214, 17), (215, 175, 0, 197), (17, 227, 122, 234), (99, 50, 225, 164), (231, 166, 2, 144), (136, 71, 92, 76), (99, 129, 187, 240), (210, 166, 132, 211), (4, 119, 191, 16)])::dst_ip,set([(129, 147, 6, 249), (254, 232, 156, 168), (149, 158, 203, 244), (237, 7, 2, 172), (92, 247, 60, 152), (95, 167, 138, 185), (120, 162, 183, 41), (47, 32, 81, 114)])::src_port,set([49579, 29584, 53490, 3859, 23413, 50748])::dst_port,set([4070, 55207, 26573, 47853, 27887, 61145, 14489])::sizes_low,664379696385085084408662487175256318700532293480771322690557869264919843875840128410099745531946835780484349123610116145152::sizes_high,82302637599612400292448227453307457899678580077871377240415849468668893068406638648865076734019812774226381695361632389824::ttl,11700838633340930426732513959451766107094690627976217076679732485896838263859928817193985672206821836032653619103334400::protocol,set(['ICMPv6NDOptTgtAddrList', 'BOOTP', '_DHCP6GuessPayload', 'SMBNegociate_Protocol_Response_No_Security_No_Key', 'SNMPinform', 'SMBNegociate_Protocol_Response_No_Security'])::seq_low,141602421907348694464145990657744952808622353122924466865322411489703388109007324388813960542086600940981218261257772786761859840::seq_high,141602421907348694464145990657744952808622353122924466865322411489703388109007324388813960542086600940981218261257772786761859840::weight,{'dstIP': 0.03551364425653126, 'protocol': 0.18170450974331137, 'srcPort': 0.18649760591606662, 'seq_number': 0.024269446976512385, 'ttl': 0.18768777648373397, 'srcIP': 0.059835482042218044, 'dstPort': 0.1952499955206236, 'size': 0.09483922151299445}
FireWall-src_ip,set([(205, 14, 98, 196), (215, 175, 0, 197), (17, 227, 122, 234), (99, 50, 225, 164), (231, 166, 2, 144), (136, 71, 92, 76), (99, 129, 187, 240), (4, 119, 191, 16), (225, 201, 243, 14), (242, 168, 214, 17), (210, 166, 132, 211)])::dst_ip,set([(129, 147, 6, 249), (254, 232, 156, 168), (149, 158, 203, 244), (237, 7, 2, 172), (92, 247, 60, 152), (95, 167, 138, 185), (120, 162, 183, 41), (47, 32, 81, 114)])::src_port,set([49579, 29584, 53490, 3859, 23413, 50748])::dst_port,set([47853, 4070, 55207, 26573, 27887, 61145, 14489])::sizes_low,1233109151887803177242938095950179669519475961960358410614225965940144333306162059695979594273677654376841107155581753032704::sizes_high,284907094983211456636279732071299710505202548393422266150940465841018691768401281533464438755602033338911296061480962602976::ttl,52272065804209690210893532636243524962165522207538406645605155201445917282015953900965568122482751022674243087777792000::protocol,set(['ICMPv6NDOptTgtAddrList', 'BOOTP', '_DHCP6GuessPayload', 'SMBNegociate_Protocol_Response_No_Security_No_Key', 'SNMPinform', 'SMBNegociate_Protocol_Response_No_Security'])::seq_low,102602330235134351999697287358053467228509899811040744592097720085275559287486843011608361435833600783142628418376524572234927360::seq_high,113143419344101460027677349348461268502063365510015250322482296666325474338094140483253728393824401667290202703640003704488081920::weight,{'dstIP': 0.03551364425653126, 'protocol': 0.18170450974331137, 'srcPort': 0.18649760591606662, 'seq_number': 0.024269446976512385, 'ttl': 0.18768777648373397, 'srcIP': 0.059835482042218044, 'dstPort': 0.1952499955206236, 'size': 0.09483922151299445}
FireWall-src_ip,set([(205, 14, 98, 196), (225, 201, 243, 14), (242, 168, 214, 17), (215, 175, 0, 197), (17, 227, 122, 234), (99, 50, 225, 164), (231, 166, 2, 144), (136, 71, 92, 76), (99, 129, 187, 240), (210, 166, 132, 211), (4, 119, 191, 16)])::dst_ip,set([(129, 147, 6, 249), (254, 232, 156, 168), (149, 158, 203, 244), (237, 7, 2, 172), (92, 247, 60, 152), (95, 167, 138, 185), (120, 162, 183, 41), (47, 32, 81, 114)])::src_port,set([29584, 53490, 3859, 23413, 49579, 50748])::dst_port,set([4070, 55207, 47853, 26573, 61145, 14489, 27887])::sizes_low,117340308865994881628071629275675173882946642177762408959427585726459123933666218908259841960245807177219947672617410117632::sizes_high,100629631674290814460318097497969129502025814398238771312554171434114739205180340788988302601561369141610417844339113225408::ttl,3316361976161625148832469802594096760088814704510383871669086249407609315945122172923709102973307559952093169790156800::protocol,set(['_DHCP6GuessPayload', 'ICMPv6NDOptTgtAddrList', 'SMBNegociate_Protocol_Response_No_Security_No_Key', 'SNMPinform', 'BOOTP', 'SMBNegociate_Protocol_Response_No_Security'])::seq_low,154960163418618868623406275768054206270973896337234785501133349768648083174506464343774809711151848808880606212481396953629919040::seq_high,30221339013301365570955920741105740978395608466196155838311328850776736989914646371272686922441098024946581413786020334582542720::weight,{'dstIP': 0.03551364425653126, 'protocol': 0.18170450974331137, 'srcPort': 0.18649760591606662, 'seq_number': 0.024269446976512385, 'ttl': 0.18768777648373397, 'srcIP': 0.059835482042218044, 'dstPort': 0.1952499955206236, 'size': 0.09483922151299445}
FireWall-src_ip,set([(205, 14, 98, 196), (215, 175, 0, 197), (17, 227, 122, 234), (99, 50, 225, 164), (231, 166, 2, 144), (136, 71, 92, 76), (99, 129, 187, 240), (4, 119, 191, 16), (225, 201, 243, 14), (242, 168, 214, 17), (210, 166, 132, 211)])::dst_ip,set([(129, 147, 6, 249), (254, 232, 156, 168), (149, 158, 203, 244), (237, 7, 2, 172), (92, 247, 60, 152), (95, 167, 138, 185), (120, 162, 183, 41), (47, 32, 81, 114)])::src_port,set([49579, 29584, 53490, 3859, 23413, 50748])::dst_port,set([4070, 55207, 26573, 47853, 27887, 61145, 14489])::sizes_low,273519693759545101390295428949790572408792825651504456865565141769230359971086954750919951785850514301632200725496353013760::sizes_high,82302637599612400292448227453307457899678580077871377240415849468668893068406638648865076734019812774226381695361632389824::ttl,3316361976161625148832469802594096760088814704510383871669086249407609315945122172923709102973307559952093169790156800::protocol,set(['ICMPv6NDOptTgtAddrList', 'BOOTP', '_DHCP6GuessPayload', 'SMBNegociate_Protocol_Response_No_Security_No_Key', 'SNMPinform', 'SMBNegociate_Protocol_Response_No_Security'])::seq_low,79584667839924135379700579973247440828523201324399389873637812238980360780881136817858372695867001406723449109973546899268096000::seq_high,79584667839924135379700579973247440828523201324399389873637812238980360780881136817858372695867001406723449109973546899268096000::weight,{'dstIP': 0.03551364425653126, 'protocol': 0.18170450974331137, 'srcPort': 0.18649760591606662, 'seq_number': 0.024269446976512385, 'ttl': 0.18768777648373397, 'srcIP': 0.059835482042218044, 'dstPort': 0.1952499955206236, 'size': 0.09483922151299445}
FireWall-src_ip,set([(205, 14, 98, 196), (215, 175, 0, 197), (17, 227, 122, 234), (99, 50, 225, 164), (231, 166, 2, 144), (136, 71, 92, 76), (99, 129, 187, 240), (4, 119, 191, 16), (225, 201, 243, 14), (242, 168, 214, 17), (210, 166, 132, 211)])::dst_ip,set([(129, 147, 6, 249), (254, 232, 156, 168), (149, 158, 203, 244), (237, 7, 2, 172), (92, 247, 60, 152), (95, 167, 138, 185), (120, 162, 183, 41), (47, 32, 81, 114)])::src_port,set([49579, 29584, 53490, 3859, 23413, 50748])::dst_port,set([4070, 55207, 26573, 47853, 27887, 61145, 14489])::sizes_low,117340308865994881628071629275675173882946642177762408959427585726459123933666218908259841960245807177219947672617410117632::sizes_high,151491580042859850093495911363230679462922014005176234120948063746103518253239880128164528803070430780481265184766326275200::ttl,3316361976161625148832469802594096760088814704510383871669086249407609315945122172923709102973307559952093169790156800::protocol,set(['ICMPv6NDOptTgtAddrList', 'BOOTP', '_DHCP6GuessPayload', 'SMBNegociate_Protocol_Response_No_Security_No_Key', 'SNMPinform', 'SMBNegociate_Protocol_Response_No_Security'])::seq_low,84857564508076095020758012011345951376547524132511437741861722499744105753570605362440296295368301250467652027730002778366061440::seq_high,84857564508076095020758012011345951376547524132511437741861722499744105753570605362440296295368301250467652027730002778366061440::weight,{'dstIP': 0.03551364425653126, 'protocol': 0.18170450974331137, 'srcPort': 0.18649760591606662, 'seq_number': 0.024269446976512385, 'ttl': 0.18768777648373397, 'srcIP': 0.059835482042218044, 'dstPort': 0.1952499955206236, 'size': 0.09483922151299445}
FireWall-src_ip,set([(205, 14, 98, 196), (225, 201, 243, 14), (242, 168, 214, 17), (215, 175, 0, 197), (17, 227, 122, 234), (99, 50, 225, 164), (231, 166, 2, 144), (136, 71, 92, 76), (99, 129, 187, 240), (210, 166, 132, 211), (4, 119, 191, 16)])::dst_ip,set([(129, 147, 6, 249), (254, 232, 156, 168), (149, 158, 203, 244), (237, 7, 2, 172), (92, 247, 60, 152), (95, 167, 138, 185), (120, 162, 183, 41), (47, 32, 81, 114)])::src_port,set([49579, 29584, 53490, 3859, 23413, 50748])::dst_port,set([47853, 4070, 55207, 26573, 27887, 61145, 14489])::sizes_low,273519693759545101390295428949790572408792825651504456865565141769230359971086954750919951785850514301632200725496353013760::sizes_high,82302637599612400292448227453307457899678580077871377240415849468668893068406638648865076734019812774226381695361632389824::ttl,15017200609502555575564983762045862867183505332486600948348818735304447579805050990117694775180129395984746788893491200::protocol,set(['ICMPv6NDOptTgtAddrList', 'BOOTP', '_DHCP6GuessPayload', 'SMBNegociate_Protocol_Response_No_Security_No_Key', 'SNMPinform', 'SMBNegociate_Protocol_Response_No_Security'])::seq_low,81520152017200135943737163377237864681402968413091733131328566923175729186272248068317627519851999014847479847849566307728618240::seq_high,81520152017200135943737163377237864681402968413091733131328566923175729186272248068317627519851999014847479847849566307728618240::weight,{'dstIP': 0.03551364425653126, 'protocol': 0.18170450974331137, 'srcPort': 0.18649760591606662, 'seq_number': 0.024269446976512385, 'ttl': 0.18768777648373397, 'srcIP': 0.059835482042218044, 'dstPort': 0.1952499955206236, 'size': 0.09483922151299445}
FireWall-src_ip,set([(205, 14, 98, 196), (215, 175, 0, 197), (17, 227, 122, 234), (99, 50, 225, 164), (231, 166, 2, 144), (136, 71, 92, 76), (99, 129, 187, 240), (4, 119, 191, 16), (225, 201, 243, 14), (242, 168, 214, 17), (210, 166, 132, 211)])::dst_ip,set([(129, 147, 6, 249), (254, 232, 156, 168), (149, 158, 203, 244), (237, 7, 2, 172), (92, 247, 60, 152), (95, 167, 138, 185), (120, 162, 183, 41), (47, 32, 81, 114)])::src_port,set([49579, 29584, 53490, 3859, 23413, 50748])::dst_port,set([4070, 55207, 47853, 26573, 61145, 14489, 27887])::sizes_low,1187933477346529471932667668325743894796791068955846203794283666106426464289997473060547661592122707172058321063196780314624::sizes_high,623459792608561812982842861447985886209002950348394843370202727202235039743766830691192366280381181139537674707669812406144::ttl,18797670878743180987188310647977679906160451395901268487901735753650526057281643396121801081291194978097645663127142400::protocol,set(['ICMPv6NDOptTgtAddrList', 'BOOTP', '_DHCP6GuessPayload', 'SMBNegociate_Protocol_Response_No_Security_No_Key', 'SNMPinform', 'SMBNegociate_Protocol_Response_No_Security'])::seq_low,30221339013301365570955920741105740978395608466196155838311328850776736989914646371272686922441098024946581413786020334582542720::seq_high,145994150350473588537959782979932435020728365504393045085810714736767721472196061700539656754498451409097638250930103039705442880::weight,{'dstIP': 0.03551364425653126, 'protocol': 0.18170450974331137, 'srcPort': 0.18649760591606662, 'seq_number': 0.024269446976512385, 'ttl': 0.18768777648373397, 'srcIP': 0.059835482042218044, 'dstPort': 0.1952499955206236, 'size': 0.09483922151299445}
FireWall-src_ip,set([(205, 14, 98, 196), (215, 175, 0, 197), (17, 227, 122, 234), (99, 50, 225, 164), (231, 166, 2, 144), (136, 71, 92, 76), (99, 129, 187, 240), (4, 119, 191, 16), (225, 201, 243, 14), (242, 168, 214, 17), (210, 166, 132, 211)])::dst_ip,set([(129, 147, 6, 249), (254, 232, 156, 168), (149, 158, 203, 244), (237, 7, 2, 172), (92, 247, 60, 152), (95, 167, 138, 185), (120, 162, 183, 41), (47, 32, 81, 114)])::src_port,set([49579, 29584, 53490, 3859, 23413, 50748])::dst_port,set([4070, 55207, 26573, 47853, 27887, 61145, 14489])::sizes_low,117340308865994881628071629275675173882946642177762408959427585726459123933666218908259841960245807177219947672617410117632::sizes_high,44831638297761712400120887151661980902791436315483062015591628439411269599010137348522813910507551220284765611936705807904::ttl,19955474167330129831886990397499442667194750845780664491192750860277971178077632376976140220619336391709002804201062400::protocol,set(['_DHCP6GuessPayload', 'ICMPv6NDOptTgtAddrList', 'SMBNegociate_Protocol_Response_No_Security_No_Key', 'SNMPinform', 'BOOTP', 'SMBNegociate_Protocol_Response_No_Security'])::seq_low,120524947916751289662320668762718570084010601642225045410616502268081132902564369063041706867116797976026901240980247148198327040::seq_high,30221339013301365570955920741105740978395608466196155838311328850776736989914646371272686922441098024946581413786020334582542720::weight,{'dstIP': 0.03551364425653126, 'protocol': 0.18170450974331137, 'srcPort': 0.18649760591606662, 'seq_number': 0.024269446976512385, 'ttl': 0.18768777648373397, 'srcIP': 0.059835482042218044, 'dstPort': 0.1952499955206236, 'size': 0.09483922151299445}
FireWall-src_ip,set([(205, 14, 98, 196), (215, 175, 0, 197), (17, 227, 122, 234), (99, 50, 225, 164), (231, 166, 2, 144), (136, 71, 92, 76), (99, 129, 187, 240), (4, 119, 191, 16), (225, 201, 243, 14), (242, 168, 214, 17), (210, 166, 132, 211)])::dst_ip,set([(129, 147, 6, 249), (254, 232, 156, 168), (149, 158, 203, 244), (237, 7, 2, 172), (92, 247, 60, 152), (95, 167, 138, 185), (120, 162, 183, 41), (47, 32, 81, 114)])::src_port,set([49579, 29584, 53490, 3859, 23413, 50748])::dst_port,set([47853, 4070, 55207, 26573, 27887, 61145, 14489])::sizes_low,547039387519090202780590857899581144817585651303008913731130283538460719942173909501839903571701028603264401450992706027520::sizes_high,427323680395938665765276168506942652969323750173271008937719648514950830969406598491471585608092621947269526308143749952800::ttl,11700838633340930426732513959451766107094690627976217076679732485896838263859928817193985672206821836032653619103334400::protocol,set(['ICMPv6NDOptTgtAddrList', 'BOOTP', '_DHCP6GuessPayload', 'SMBNegociate_Protocol_Response_No_Security_No_Key', 'SNMPinform', 'SMBNegociate_Protocol_Response_No_Security'])::seq_low,192901234911247464836927233293877076511629713069820044158339649562102380305364926085858901139497501930882116695321318759907935360::seq_high,192901234911247464836927233293877076511629713069820044158339649562102380305364926085858901139497501930882116695321318759907935360::weight,{'dstIP': 0.03551364425653126, 'protocol': 0.18170450974331137, 'srcPort': 0.18649760591606662, 'seq_number': 0.024269446976512385, 'ttl': 0.18768777648373397, 'srcIP': 0.059835482042218044, 'dstPort': 0.1952499955206236, 'size': 0.09483922151299445}
FireWall-src_ip,set([(205, 14, 98, 196), (215, 175, 0, 197), (17, 227, 122, 234), (99, 50, 225, 164), (231, 166, 2, 144), (136, 71, 92, 76), (99, 129, 187, 240), (4, 119, 191, 16), (225, 201, 243, 14), (242, 168, 214, 17), (210, 166, 132, 211)])::dst_ip,set([(129, 147, 6, 249), (254, 232, 156, 168), (149, 158, 203, 244), (237, 7, 2, 172), (92, 247, 60, 152), (95, 167, 138, 185), (120, 162, 183, 41), (47, 32, 81, 114)])::src_port,set([49579, 29584, 53490, 3859, 23413, 50748])::dst_port,set([4070, 55207, 26573, 47853, 27887, 61145, 14489])::sizes_low,117340308865994881628071629275675173882946642177762408959427585726459123933666218908259841960245807177219947672617410117632::sizes_high,472155318693700378165397055658604633872115186488754070953311276954362100568416735839994399518600173167554291920080455760704::ttl,31656312800671060258619504356951208774289441473756881567872483346174809441937561194170125892826158227741656423304396800::protocol,set(['ICMPv6NDOptTgtAddrList', 'BOOTP', '_DHCP6GuessPayload', 'SMBNegociate_Protocol_Response_No_Security_No_Key', 'SNMPinform', 'SMBNegociate_Protocol_Response_No_Security'])::seq_low,141602421907348694464145990657744952808622353122924466865322411489703388109007324388813960542086600940981218261257772786761859840::seq_high,51298813003898770372781242636132123703007359946895577293017238072398992196357601697044940597410900989900898434063545973146075520::weight,{'dstIP': 0.03551364425653126, 'protocol': 0.18170450974331137, 'srcPort': 0.18649760591606662, 'seq_number': 0.024269446976512385, 'ttl': 0.18768777648373397, 'srcIP': 0.059835482042218044, 'dstPort': 0.1952499955206236, 'size': 0.09483922151299445}
